0              0
0.661875       0.100044
1.41175        0.0998863
2.16175        0.100105
2.9115         0.100507
3.661          0.099255
4.41075        0.0996993
5.49838        0.102818
7.49775        0.102726
9.49687        0.103086
10.141         0.0802712
10.3912        0.080175
10.6409        0.084205
10.8911        0.0806192
11.141         0.0827523
11.391         0.0795476
11.6411        0.0792968
11.8905        0.0817989
12.1408        0.0788231
12.3904        0.083353
12.6405        0.0782363
12.8905        0.0819169
13.1402        0.0798498
13.3904        0.0800009
13.64          0.0823389
13.89          0.07987
14.1397        0.0834597
14.3901        0.0779917
14.64          0.0825384
14.8899        0.0798023
